Clusters:

[25.387800, 28.387699, 27.906099]

[16.199301, 27.906099, 37.034000]

[25.352200, 37.069599, 37.069599]

[16.199301, 27.906099, 19.199200]

[34.034100, 27.906099, 19.199200]

[25.352200, 37.069599, 19.234800]

[34.515701, 37.034000, 28.387699]

[34.515701, 19.199200, 28.387699]

[25.352200, 19.234800, 19.234800]

[16.680901, 19.199200, 28.387699]

[25.352200, 19.234800, 37.069599]

[34.034100, 27.906099, 37.034000]

Oxygens:
[25.387800, 28.387699, 27.906099]

[28.387699, 27.906099, 25.387800]

[25.116699, 25.598301, 28.116600]

[28.116600, 25.116699, 25.598301]